 26 
 31 
 59 
 49 
 49 
 43 
 45 
 18 
 53 
 54 
 35 
 59 
 50 
 67 
 24 
 61 
 74 
 64 
 55 
 74 
 78 
 29 
 46 
 56 
 65 
 47 
 43 
 77 
 58 
 47 
 43 
 30 
 65 
 59 
 69 
 58 
 59 
 67 
 47 
 61 
 50 
 61 
 42 
 25 
 46 
 20 
 52 
 29 
 37 
 50 
 56 
 45 
 19 
 46 
 38 
 20 
 65 
 73 
 69 
 49 
 28 
 52 
 52 
 57 
 35 
 36 
 66 
 57 
 54 
 69 
 54 
 60 
 26 
 52 
 65 
 44 
 51 
 28 
 38 
 53 
 58 
 37 
 57 
 35 
 34 
 46 
 77 
 51 
 51 
 61 
 40 
 52 
 60 
 44 
 45 
 58 
 50 
 53 
 34 
 4 
 56 
 46 
 32 
 46 
 42 
 70 
 59 
 52 
 55 
 20 
 54 
 52 
 61 
 23 
 74 
 59 
 73 
 60 
 50 
 42 
 52 
 42 
 62 
 28 
 59 
 44 
 73 
 79 
 30 
 41 
 38 
 79 
 67 
 47 
 82 
 41 
 41 
 68 
 48 
 40 
 29 
 71 
 47 
 78 
 60 
 50 
 57 
 40 
 51 
 36 
 62 
 78 
 47 
 14 
 63 
 56 
 45 
 32 
 71 
 43 
 65 
 60 
 48 
 59 
 62 
 90 
 37 
 45 
 41 
 41 
 58 
 31 
 37 
 52 
 43 
 63 
 32 
 40 
 48 
 38 
 42 
 52 
 37 
 19 
 48 
 17 
 66 
 49 
 44 
 50 
 17 
 45 
 40 
 52 
 47 
 53 
 61 
 30 
 68 
 42 
 41 
 30 
 46 
 58 
 70 
 75 
 38 
 51 
 48 
 36 
 69 
 54 
 40 
 72 
 60 
 64 
 51 
 39 
 64 
 44 
 72 
 39 
 29 
 58 
 41 
 56 
 43 
 35 
 50 
 45 
 55 
 62 
 62 
 42 
 62 
 27 
 24 
 42 
 47 
 32 
 46 
 46 
 45 
 22 
 56 
 58 
 42 
 61 
 58 
 44 
 40 
 37 
 44 
 59 
 30 
 35 
 67 
 32 
 47 
 55 
 56 
 64 
 44 
 45 
 49 
 43 
 35 
 70 
 72 
 44 
 38 
 64 
 49 
 49 
 46 
 72 
 51 
 61 
 48 
 56 
 30 
 26 
 44 
 61 
 54 
 34 
 41 
 60 
 31 
 59 
 58 
 24 
 44 
 53 
 37 
 65 
 62 
 69 
 41 
 50 
 55 
 35 
 68 
 64 
 68 
 78 
 71 
 39 
 46 
 64 
 55 
 64 
 44 
 50 
 24 
 42 
 68 
 40 
 36 
 59 
 72 
 48 
 48 
 50 
 22 
 58 
 70 
 31 
 30 
 40 
 23 
 20 
 53 
 30 
 40 
 32 
 68 
 40 
 44 
 49 
 17 
 49 
 62 
 52 
 48 
 49 
 33 
 28 
 25 
 47 
 25 
 46 
 50 
 70 
 72 
 53 
 45 
 48 
 71 
 78 
 30 
 18 
 56 
 51 
 39 
 56 
 73 
 28 
 32 
 66 
 54 
 60 
 64 
 53 
 71 
 50 
 44 
 65 
 46 
 73 
 39 
 65 
 37 
 37 
 48 
 57 
 26 
 47 
 56 
 26 
 36 
 71 
 55 
 49 
 59 
 11 
 47 
 28 
 49 
 34 
 60 
 75 
 59 
 30 
 52 
 35 
 40 
 54 
 61 
 56 
 57 
 53 
 51 
 49 
 67 
 40 
 75 
 62 
 56 
 66 
 54 
 48 
 46 
 30 
 55 
 38 
 43 
 73 
 47 
 66 
 42 
 19 
 66 
 43 
 38 
 43 
 46 
 61 
 59 
 30 
 65 
 60 
 42 
 27 
 34 
 49 
 38 
 58 
 39 
 22 
 41 
 49 
 58 
 52 
 41 
 30 
 34 
 68 
 39 
 61 
 43 
 56 
 62 
 51 
 75 
 31 
 34 
 51 
 42 
 27 
 34 
 43 
 37 
 26 
 38 
 44 
 51 
 58 
 31 
 27 
 50 
 63 
 41 
 35 
 23 
 57 
 30 
 48 
 45 
 42 
 43 
 51 
 39 
 55 
 61 
 65 
 30 
 46 
 49 
 58 
 47 
 36 
 54 
 47 
 53 
 69 
 92 
 60 
 42 
 61 
 74 
 33 
 53 
 66 
 44 
 49 
 43 
 68 
 39 
 49 
 52 
 42 
 67 
 49 
 43 
 35 
 73 
 33 
 57 
 41 
 50 
 56 
 34 
 48 
 57 
 48 
 62 
 52 
 25 
 54 
 56 
 36 
 58 
 60 
 34 
 63 
 46 
 64 
 80 
 59 
 58 
 66 
 38 
 36 
 55 
 75 
 47 
 32 
 45 
 64 
 41 
 57 
 34 
 38 
 36 
 86 
 50 
 51 
 45 
 57 
 48 
 50 
 48 
 65 
 61 
 53 
 23 
 56 
 60 
 41 
 60 
 73 
 74 
 51 
 66 
 45 
 57 
 45 
 42 
 33 
 64 
 49 
 78 
 51 
 59 
 56 
 44 
 60 
 31 
 36 
 43 
 33 
 40 
 32 
 50 
 41 
 47 
 27 
 51 
 50 
 33 
 65 
 80 
 42 
 60 
 40 
 39 
 56 
 69 
 42 
 33 
 51 
 55 
 67 
 46 
 49 
 41 
 64 
 42 
 51 
 50 
 39 
 31 
 37 
 67 
 56 
 31 
 65 
 43 
 29 
 27 
 50 
 27 
 37 
 53 
 75 
 41 
 46 
 52 
 41 
 51 
 50 
 52 
 50 
 50 
 42 
 38 
 40 
 56 
 26 
 58 
 52 
 67 
 18 
 34 
 50 
 59 
 54 
 86 
 69 
 56 
 34 
 44 
 56 
 50 
 61 
 60 
 85 
 55 
 27 
 63 
 58 
 36 
 50 
 38 
 57 
 56 
 52 
 22 
 52 
 60 
 62 
 57 
 48 
 62 
 19 
 76 
 48 
 45 
 48 
 73 
 53 
 77 
 33 
 38 
 49 
 53 
 71 
 46 
 53 
 37 
 49 
 46 
 41 
 12 
 51 
 54 
 34 
 41 
 47 
 30 
 44 
 50 
 56 
 41 
 39 
 71 
 55 
 50 
 17 
 64 
 38 
 43 
 44 
 46 
 42 
 60 
 48 
 27 
 36 
 63 
 61 
 57 
 50 
 50 
 58 
 75 
 63 
 19 
 29 
 62 
 37 
 35 
 50 
 54 
 64 
 51 
 52 
 46 
 68 
 43 
 48 
 58 
 66 
 58 
 44 
 57 
 23 
 46 
 69 
 79 
 42 
 50 
 48 
 51 
 49 
 41 
 54 
 57 
 69 
 47 
 23 
 35 
 58 
 28 
 61 
 57 
 65 
 42 
 81 
 35 
 50 
 40 
 55 
 55 
 17 
 64 
 34 
 47 
 51 
 23 
 34 
 41 
 24 
 48 
 31 
 27 
 77 
 54 
 52 
 56 
 42 
 48 
 42 
 75 
 62 
 38 
 69 
 55 
 29 
 39 
 42 
 70 
 38 
 32 
 44 
 68 
 25 
 66 
 39 
 49 
 56 
 72 
 72 
 48 
 43 
 43 
 39 
 44 
 59 
 47 
 60 
 52 
 28 
 74 
 41 
 46 
 43 
 47 
 55 
 19 
 35 
 34 
 57 
 63 
 43 
 36 
 48 
 32 
 43 
 42 
 48 
 41 
 52 
 67 
 60 
 60 
 61 
 60 
 43 
 43 
 21 
 38 
 48 
 47 
 81 
 50 
 62 
 49 
 38 
 40 
 63 
 51 
 73 
 50 
 70 
 57 
 55 
 30 
 67 
 42 
 66 
 59 
 39 
 38 
 60 
 36 
 21 
 44 
 41 
 60 
 60 
 52 
 37 
 78 
 41 
 74 
 61 
 45 
 50 
 31 
 65 
 27 
 55 
 68 
 64 
 63 
 59 
 41 
 30 
 27 
 43 
 45 
 25 
 39 
 57 
 37 
 39 
 38 
 48 
 52 
 72 
 47 
 32 
 57 
 59 
 52 
 78 
 33 
 27 
 64 
 60 
 76 
 32 
 33 
 56 
 50 
 52 
 35 
 34 
 47 
 80 
 71 
 49 
 38 
 57 
 54 
 50 
 39 
 74 
 34 
 58 
 52 
 37 
 49 
 63 
 53 
 44 
 64 
 36 
 64 
 66 
 33 
 62 
 48 
 66 
 54 
 56 
 61 
 61 
 54 
 73 
 58 
 59 
 45 
 56 
 43 
 62 
 48 
 41 
 49 
 53 
 74 
 54 
 61 
 41 
 50 
 54 
 42 
 58 
